004507
001204
007718
002288
003307
003185
003623
007709
001784
004259
001072
007831
006959
004903
002024
001580
008769
007570
001077
001512
001384
003669
001843
003709
008879
002049
004911
002090
006366
007601
008831
004673
005600
001528
001517
009148
009591
003807
004718
007928
006648
006638
004323
005327
002287
008442
008384
008086
001577
009898
008639
001579
002820
003993
006848
008595
004281
000633
009058
007421
003691
008151
000812
008132
007523
005704
002584
007383
005222
004263
001707
000303
004773
005378
008472
000805
005611
006622
006564
004591
008997
009037
004195
005873
001427
004459
003155
005566
006844
002842
003038
001845
000613
007023
003255
000780
005653
001799
000446
006203
009845
000919
004009
002201
002096
000800
003987
003296
006073
004631
004512
007258
000118
002437
009418
008983
000463
002794
001970
002174
004630
006968
007533
002199
006475
003118
007776
009644
007431
002859
002260
004826
004011
003781
002493
000820
009049
003837
003524
003083
009851
000802
007075
008186
009710
007647
001378
001168
001062
006542
006769
002371
003969
005430
000269
000738
004748
000107
009002
003754
009878
006565
000347
008670
002480
004298
000906
007275
009080
003363
009681
000746
004185
004962
002139
008311
001911
008301
001084
000799
000498
001450
008756
007079
007513
009541
001481
008121
002870
007775
003758
003468
006035
007279
005796
004258
009519
003178
008522
007078
006269
000061
006270
002335
007566
000921
004310
002666
006827
005441
003518
000296
003175
000892
007836
008645
005788
005061
002966
009330
003061
009288
006042
003779
005899
007920
009732
008067
001413
000065
004828
003618
003634
005258
000588
000503
000508
005081
006474
002561
009155
007182
001723
008381
004246
006619
007187
006666
006765
005990
008475
003013
000902
008738
006084
006123
006548
004169
003830
002702
002459
008188
009373
008300
007855
000190
007474
004468
004296
001236
000964
000714
006023
002276
009656
001978
002625
007843
005121
009326
007424
009797
006909
007677
001806
006153
005385
007086
002305
006599
003621
001304
002838
005761
006279
007419
006704
004272
008127
004450
005360
004801
004150
008166
002633
007970
007872
008776
006341
005518
005039
002091
001258
009405
009250
006254
005097
008317
007465
003374
001800
004685
002337
001203
007259
004701
006025
008262
005419
000311
006385
006117
002244
009016
007762
002714
009654
007954
006296
009666
007141
008587
003092
002178
004579
009516
003469
002917
009785
003142
008083
009048
006609
006884
006859
000515
002952
005878
009743
009920
001654
002699
008180
002425
003413
002723
005696
007847
001809
002479
008772
008244
006305
004437
002684
005615
005195
008364
006282
007897
002635
008057
003386
004710
003450
008653
003200
001233
000170
007679
003147
004628
009246
001887
004430
004837
008862
009244
008037
008386
007763
009029
007705
006417
002848
009100
002182
006411
000340
005373
001780
006367
008355
001205
006976
001266
001420
002323
005631
006095
005273
005371
001418
000320
009542
009520
007300
009242
005630
000900
008208
005928
000987
000391
002817
006602
006404
001607
008624
001982
005486
008728
003575
006184
007791
006043
003991
006230
000620
005453
001211
000731
005813
009865
000851
003408
003444
003849
008921
003635
004269
004057
005923
007084
002068
002307
006079
006506
005812
000162
001175
008806
009496
009351
005431
009409
000032
006348
000433
008082
001901
009638
008987
002960
005159
002248
006677
006188
000637
009424
005657
004312
008588
008076
005845
008909
000845
003678
008698
007244
007746
002621
002653
003646
000294
005940
002391
001004
000850
003869
001092
003057
000931
006576
004963
000325
009349
003627
004146
002202
004010
005723
000730
004452
001286
000513
006722
006731
002234
009700
003430
000249
006174
008072
002281
000896
001406
009377
003093
002002
004347
004974
009282
004293
008346
002718
003199
006450
001230
006323
001778
001595
004705
004823
007038
008307
008534
001225
005064
007194
004105
006627
005001
009749
003994
003597
001514
003258
005735
002491
008433
001688
007159
001467
007976
002375
003470
001614
000380
003675
008709
006202
005028
003679
006799
009254
004691
002525
005128
005489
008564
005168
002247
000980
003984
009309
005911
009693
000626
002691
008200
002377
001643
008268
002749
005410
000705
005828
006628
003606
009862
007376
001771
008978
005625
006760
002884
005938
000619
004365
009584
004632
002618
001292
009113
004295
002125
004549
009445
002324
007036
009830
003053
000089
000818
000438
000865
005521
008164
001468
005981
000760
001485
003625
001409
003671
008019
001371
003392
000121
005303
008617
009466
009746
004831
008713
002345
009764
005278
007276
004333
002648
000700
002180
004108
004848
009368
008338
009184
001136
007334
004138
004660
006291
002976
009600
002478
008450
006004
007381
009961
008610
001140
002082
000407
009926
006129
007284
002445
007729
004300
006661
005406
001832
009434
001480
002376
001689
002310
005695
006524
009249
005811
009507
004588
000270
006963
007146
000474
009684
006105
000895
001888
009429
006247
008295
000476
009419
006131
003735
009411
005042
004117
006206
001708
009679
004574
004714
002880
008376
007670
002461
003211
005244
003614
002441
004896
003398
007172
001526
007165
001636
001287
005315
008621
005183
006569
009151
005984
003550
001699
000460
000208
006924
006762
004576
004287
000193
002027
007833
007712
006934
003343
005094
007168
007859
001463
000289
002213
000999
002212
006187
000184
002328
001611
008150
006519
003751
008116
007624
004331
009858
008892
005568
002193
004985
006445
007006
006841
003784
009614
003074
002361
002534
007810
005057
005542
006306
001559
001685
000796
005718
000235
004376
002481
001922
004140
003803
003732
002938
005185
004192
003876
005824
005608
002043
005358
003983
003662
001881
006874
003695
002448
001457
005384
004587
005544
003401
000728
004490
005349
005998
006444
007148
005007
000951
008848
006943
000150
004753
003706
008939
002533
002241
005062
006161
008663
004201
005780
005573
007721
002140
009597
004137
005682
002722
004992
009123
003729
005346
000843
003253
003162
004879
000020
007363
007853
007772
001200
001918
003410
009627
000222
009007
004779
006553
007398
006866
007396
000777
003183
009236
004384
009306
003961
003066
006238
007416
006994
004544
001899
005215
007979
002977
001185
009336
000966
001009
009470
008443
009790
007029
004315
007702
005052
001045
009733
000653
008835
009947
007758
002417
003536
004926
006682
001060
000761
005658
001597
005203
007052
005728
009073
001466
009091
002841
002037
007466
002423
009283
009307
008562
001777
009208
004371
002713
009717
004986
004046
005242
001247
002209
006038
005438
004392
000141
007388
004857
000439
006150
006437
000050
001553
002407
006507
006377
003539
002873
009333
001455
009636
003835
001151
007697
009238
000967
007414
008454
006988
007437
002285
007375
001012
009053
005465
008235
001470
005135
003820
009230
008144
005985
003772
000046
007467
006702
003586
001563
001346
009144
006216
005591
000424
002237
006903
002025
005146
008202
008281
006572
002986
007016
000791
000597
001488
003811
000530
008512
004555
004808
006363
005212
006289
005310
008720
004354
003711
007433
002941
003120
007547
004438
006198
000748
007590
008971
000411
008770
002778
004625
009762
000256
004493
000885
005917
002545
008189
002524
005903
007223
001714
007132
006041
007899
009251
004694
004380
005893
001497
002502
000072
006151
007732
002497
009557
008409
003422
002332
007247
002984
000962
001677
003360
009747
000675
004707
007479
005645
006319
003009
004815
000305
009491
004496
005176
005952
008251
001522
006196
004832
002483
006111
008523
001726
004014
007122
007020
006459
003034
009131
001121
004345
008040
001628
004280
002696
005421
001472
001598
009269
007637
003793
006981
003791
009809
008248
006643
001042
003027
002054
004060
005829
004479
002664
003821
008108
000165
007071
001078
006499
008315
007214
007841
002350
008177
003866
006395
004840
009259
002373
008297
004364
005803
007314
007984
004292
008526
005831
007150
002382
003102
009504
008604
004091
001330
009868
004487
004329
006983
001018
002278
003604
005369
005740
004886
006766
001747
002658
006845
006430
007614
009215
003435
001842
005290
005085
005312
004674
004129
006233
000842
009497
000263
008596
009617
000555
002741
003941
007932
000331
003250
005047
004273
008606
006128
007736
000233
006768
001212
007826
004563
003420
006456
008477
007987
002603
004676
005387
005208
001272
005747
006391
006645
000242
006916
006972
003449
004715
005762
003551
003585
008710
008312
005768
008422
008017
008948
006694
009698
007724
000158
007343
001279
007974
008917
006215
005819
007803
001807
003229
006181
000755
000936
000134
000750
000416
007133
006593
009822
006932
008140
000109
007180
006621
007153
005352
007241
005954
007640
006275
001755
000156
008368
004433
006463
005368
001250
005782
006657
001941
001240
008160
002404
005363
009540
004708
004946
009218
008296
009327
005058
009186
007536
003926
009268
007511
008568
001711
008790
005122
006027
009334
000259
008655
006509
001855
004424
008858
005246
002609
007898
008966
006896
002774
000102
001768
000322
002785
003788
009585
007996
009393
009354
008122
000543
002036
003146
000848
005514
006708
005536
004530
004047
009178
001717
006470
004607
008263
008541
008799
008370
007236
003443
000768
005268
007869
000427
005331
001015
007101
005961
008063
001531
007493
009133
001327
009839
007346
000782
000694
005318
007018
001052
005716
002565
008138
008814
003960
005254
007125
000958
005531
005325
009286
000036
006850
001758
005736
004035
002306
006449
004404
002636
005861
000943
003622
005110
000863
007070
009869
008415
005231
006900
004527
004457
003921
007322
004737
008495
006880
004031
006162
004849
006503
006965
001840
000695
000468
003231
000245
001192
004928
007422
007461
000381
001237
007139
005885
002253
007524
004910
007735
002989
009874
005680
008462
001651
008718
000726
005624
002954
009745
002348
003740
001539
001001
009499
005868
009323
007054
009386
000012
004967
009502
006344
003814
005471
002953
005129
003293
008452
007633
005980
007121
004902
007323
009468
008449
000403
008725
001622
003195
006462
008107
003271
002864
004471
006374
009699
000541
008970
002293
003580
006585
002392
001499
009205
005407
001766
005090
002800
006045
003260
007868
004562
001028
000516
003484
000526
008809
001361
009528
008139
001325
005481
009841
008091
007799
000461
009523
007821
009904
004948
006852
008322
005648
006218
009136
008980
002490
000545
007662
007296
003272
001948
002012
003885
007166
004539
001588
008098
001106
006549
006678
000814
003365
003608
006392
009166
006089
002540
002124
006353
002578
007998
001849
008944
006819
000117
006465
000608
001515
000343
006530
007329
003240
006229
003138
008299
008556
001841
007129
001229
003336
004636
006156
003605
002342
003664
001365
003219
000531
002261
009758
007350
004095
008771
005901
001312
006966
006425
002172
001017
008336
009949
002433
000367
003433
000997
002667
001224
000101
001610
005293
007481
004389
005171
004247
004015
007845
000591
007491
002893
003750
004051
004742
009634
003763
001937
005894
006878
003936
001156
000443
000276
003645
008536
005741
006466
009778
002599
003947
003121
006699
003489
008252
003425
005729
004349
001002
003971
002657
005549
004012
006387
004092
009086
002378
007585
003567
002554
006836
005918
007798
002315
002869
005063
007639
006495
001074
001931
008190
002415
003349
002910
000130
005343
007889
004446
002051
000420
008847
002645
005439
002782
000344
005614
001944
006046
001231
006824
007642
001752
003654
001830
000583
000672
004972
000874
003021
008360
001775
002352
000625
009213
006583
006707
002030
002465
006400
002183
009362
008087
007049
009707
007113
008008
009375
009394
003487
001556
003007
002962
002659
001754
002845
002169
006183
000831
003516
003294
006091
000308
002958
004652
001314
004193
007543
000486
009687
002762
003656
003391
008757
002152
009042
005582
008749
006908
007565
008601
004907
000946
005236
008573
007603
008429
007212
002058
003362
006808
002508
000363
002735
009318
004876
008942
003797
006125
006251
006989
001199
008513
008424
004524
009392
003923
001952
005674
000971
007270
000033
003359
000876
005912
007773
000887
003639
000823
000143
004356
006632
000854
009615
005179
001430
001451
000125
009805
004702
007914
002611
001950
006486
002744
001082
002615
008224
002460
001782
007528
005214
002163
002368
007040
005895
002470
006847
004121
000417
008951
007926
003970
002042
000899
006221
002181
000878
008218
003369
008388
001683
008349
009780
003673
005593
005209
000834
000138
000710
005731
003056
001933
008607
005522
000509
001662
008585
009388
000355
003915
006026
008042
008327
001724
004597
006806
006330
001836
006947
006931
000146
005056
006276
004463
002238
007877
003913
005856
000522
002267
009613
007073
006714
001608
004675
003390
007691
000210
002129
001545
004069
001827
004405
007544
003011
004102
008069
004689
005905
002218
002992
007204
001079
004464
000605
001906
004672
006784
000581
003932
006096
000395
008326
008427
000480
001544
005337
005416
009279
004984
001182
006570
001170
004885
005393
007713
006835
002034
001445
000419
000794
002889
007615
008478
009365
002600
007410
008739
004868
003886
008203
007045
005640
000739
002732
007095
006886
005229
003939
004976
005652
007283
000525
001730
006987
004229
002369
003017
007678
008667
006910
005259
000021
003988
007600
002456
004687
001154
003521
002816
003455
009432
009605
002943
003838
009842
007080
009923
009647
003082
009527
009950
001985
002689
008558
001453
003966
004481
003918
008142
000767
001684
005018
003421
005026
000564
007140
000849
004540
002514
002995
000609
001248
005350
004836
001069
000935
003565
000537
009382
000923
003863
004662
008005
003690
000676
007369
001149
000826
009886
003511
003889
008722
002496
008872
006277
008053
005860
009417
007521
008509
005884
006339
007002
002411
006482
000379
007458
002978
004367
009855
000396
003204
004719
000091
000965
009036
004747
000400
002444
007519
002990
009051
001362
004626
008961
007723
003465
000073
002102
009671
008533
007568
003957
008115
004595
000370
008706
007911
005314
009378
002000
007631
003458
007873
007193
002263
004360
001810
009935
005288
008112
001104
003107
008926
003992
004605
009479
004839
000483
009905
007297
005029
001590
005072
008584
002858
003798
003028
002747
003441
008886
009620
009870
004842
004194
005830
002088
004321
003714
001343
005592
005454
008620
009324
004168
005326
002891
001676
002259
003165
008796
001739
008048
008294
006718
009105
001494
008306
006028
005539
004352
008680
002135
009658
005805
002634
008760
006654
006605
006030
003032
002006
002120
001749
001999
002420
004818
003005
001963
003181
005526
006419
003493
007149
009515
007425
001436
003688
005006
001759
003935
004379
003135
001360
007417
005404
001323
002804
008275
005223
000017
004494
006625
004518
005073
005879
001484
002987
000323
005826
008482
000917
004135
004303
009959
002023
007814
008811
005968
003860
000654
002070
005930
004264
009754
002988
004841
000307
004082
008465
005224
004859
003792
006261
003269
003871
006603
009197
007486
004878
000563
000949
009718
005107
005351
001184
009024
008341
004856
007537
003247
009312
001816
000622
006346
003453
003898
004370
009121
005367
007372
009958
008332
008313
003824
005108
004692
003663
006120
009316
003042
005947
000520
002695
004390
009078
008859
002710
005037
001113
004131
007432
001270
008753
006139
007390
004265
008905
004682
008784
001750
007163
002215
002364
003817
008958
008817
005338
001056
004866
008793
000462
009767
007931
004722
008503
005773
005450
009027
007289
009212
007946
001861
008592
000717
001161
002559
000220
004517
003134
008727
007933
007219
007605
009273
004991
000628
004361
004142
002912
007065
006434
007114
003452
000830
002413
007731
001529
000915
007443
001050
008284
006107
007530
003642
007618
005328
006840
008351
008989
006892
006103
009567
007475
003912
009734
002265
009668
008741
002766
007856
001555
005138
004604
005292
007619
008279
006520
008931
006472
008900
000026
008822
003311
004113
009162
005455
001479
001521
002605
001627
007672
007916
002881
002255
005420
008319
001426
009580
005177
009748
000742
007105
007454
009331
003189
007629
002537
007215
007551
000140
009202
002214
002944
001439
001523
006492
007435
002134
004799
008805
000153
005989
003721
002136
001603
006800
004286
003700
002468
003522
002153
002784
003865
004120
004326
006940
001160
004743
009255
004191
006005
007819
006176
001554
008036
007958
002443
007008
009629
008456
009735
002847
006219
007612
003861
001152
008403
002466
003847
002767
003223
001649
005217
000187
006611
009066
009586
002439
008084
007812
002868
001215
006578
002372
004145
008878
003660
006703
005530
000552
007285
006055
000373
001734
006631
001293
009884
007318
003218
006944
003356
009454
003658
009209
005414
000095
006170
000104
007351
000729
007100
005629
004005
004283
006488
003133
001756
003154
005790
009880
001387
003354
008437
001650
003748
008499
002454
009068
006321
007470
006455
007438
009458
002021
006911
003395
005764
009114
007655
004436
008794
006104
001532
007490
002462
001833
007865
009518
001678
002924
004271
001348
000491
003826
006803
007031
002219
006893
004058
008856
005219
005588
006813
004279
006135
005297
009180
005576
001504
006865
002518
009465
001976
006751
003122
003874
001915
000430
009359
006381
003054
003436
001011
008213
003974
007489
008801
002108
001862
004761
009954
003403
003159
000470
008647
002158
009664
004205
009702
000404
002362
005579
002589
002558
009836
005654
006948
007720
000251
008100
009942
009596
002435
001442
002647
007185
005260
006697
005485
009896
007579
004089
003373
006635
003651
002826
007308
004174
005084
002270
001375
000937
002393
005150
006440
009422
009494
007663
002519
005440
000707
005664
005130
002279
001066
007947
005264
001785
001661
004466
005470
007682
009577
002844
003577
007621
009713
003243
009245
008733
001793
004551
000810
005908
001847
007117
000282
003946
001064
004794
000632
004242
000862
007578
002094
000559
003396
004581
005016
000827
005806
001143
002706
002145
000177
004016
007795
000122
007576
004196
009621
000499
004411
004409
009932
006719
008423
007923
002801
006136
005851
002190
002251
005144
000257
006952
003492
000977
009894
007295
001107
004968
003528
005702
007089
008310
007768
007344
009348
007311
008838
003945
009938
004782
005124
002572
001273
006958
008260
007777
008359
007249
005577
009692
009138
007224
001818
007093
003638
004852
006290
008425
008843
001265
005647
004171
004812
000225
005020
001980
000192
000709
002547
005511
005045
003407
009508
000131
003998
009085
000663
009794
004369
004434
008293
007980
003979
005262
004322
001130
000035
005951
008553
006000
005457
004651
009108
008920
006529
006252
003299
006726
000382
008775
005660
007062
003773
007184
008764
000929
001821
001207
009116
009737
002593
003576
006428
006078
009406
008542
003039
009034
001586
009719
002760
008865
006914
005283
006264
007090
000898
005527
004990
003609
008883
008535
009565
009655
007413
001618
004535
002594
009623
003963
008973
000266
007901
009173
001761
004655
005413
004008
005054
005181
001254
003525
007109
004863
009389
004230
009813
006949
008819
009882
002765
006664
003177
001386
001582
008747
009420
005496
006201
003808
008285
005078
002727
006660
002795
006935
000494
007754
009944
006864
002458
007394
008365
008638
007704
004905
003953
005344
002942
002333
009035
009063
009181
003859
009860
002104
008529
003491
001853
009537
006071
004509
007292
003636
006626
003338
006133
002867
002061
008914
009185
002737
004111
009128
007685
003078
002116
008823
001068
002772
004470
003694
005730
003818
003640
006134
009059
005668
000872
006962
008985
005839
006100
009678
006953
002606
005854
007256
007527
003090
009039
007373
005071
007813
000198
002256
000857
000855
002095
005979
004209
006163
001112
005245
003685
005524
002751
005867
002834
004770
000229
002226
009343
008768
005864
001738
008514
009087
003857
003110
003377
009200
009729
006725
004368
000550
003376
005077
009792
005757
009913
008372
000690
005859
004961
004954
000954
006483
007072
006424
007790
000066
006995
009072
009879
006497
005700
006753
000926
001475
009098
009456
002184
000786
003301
006690
009819
008211
006314
001882
006011
002590
003834
000772
000019
005585
009955
007056
001930
003956
006805
004085
003244
008982
001828
005055
004622
003752
006159
008628
003161
009247
005559
008692
008699
008204
002759
009823
008141
007886
006668
003629
000996
008929
003891
000871
002330
003256
008880
002284
009832
002937
007361
008840
005784
005365
006108
009224
004066
002906
003259
000982
001071
005004
003127
002329
009342
005389
009099
001647
006235
009440
001201
003106
003000
001872
003424
007876
007883
006783
000771
009721
007189
006842
004017
000077
008837
009816
007336
004034
001877
007854
000044
005599
000815
007905
002835
004565
003845
000882
005636
009588
008742
004929
005710
004553
003284
007468
000060
001640
004558
008723
001137
005429
000477
005379
001148
009018
002940
008586
009168
009045
001902
008225
006956
000774
009192
008026
009877
006398
003879
000565
000577
003705
001186
004983
002472
001311
009756
004397
009350
001492
002194
006349
003202
009187
004498
003986
007626
002220
000847
005065
008261
000321
003696
004122
001932
002730
003292
004814
005269
000733
006301
000450
004611
009726
007751
003157
008752
008975
000171
008250
003290
007692
008519
003566
008976
008345
004977
006225
009532
009481
005263
000211
009476
004136
008967
004502
007263
008968
001896
003954
005434
008316
005685
004783
003008
003674
005517
008002
002598
003905
008559
007245
000947
000093
000298
000720
003064
001393
005024
005964
005618
009438
000912
004186
004943
005270
004872
001691
005697
005298
005686
000880
004212
009562
009808
007035
004776
000042
009477
001268
005583
000816
007039
003337
002501
007025
006671
007749
007559
003088
009761
002494
007971
006067
007546
009488
008254
005672
004339
002709
004076
005134
002791
001298
002176
007753
000972
005586
002734
005838
002366
005996
005093
006286
004003
009189
004275
000241
001892
007177
001721
007477
008385
007956
008716
005909
004439
003451
009500
007540
005765
009437
007191
000645
008171
003239
004706
003497
000250
001364
002919
005014
000904
008032
001110
008374
001725
005919
003058
002224
003339
005574
000285
003506
004500
009410
000336
005189
003098
008430
002649
006575
008953
006919
009358
009464
000454
006148
004228
005153
003844
006234
006735
007675
001176
002815
003004
000920
004093
006208
008841
004830
009064
003344
003855
002776
001402
008810
003753
006442
003743
005815
009191
003519
003194
005960
003417
006243
000219
008398
005817
001191
000406
004351
000879
005116
003176
002632
006899
009006
002277
001962
003856
006338
008932
006772
000174
004423
003031
007997
002273
002098
000579
004750
009460
003911
006810
008117
003207
001860
003108
007059
002039
006512
008485
009347
008222
005380
007077
003313
008075
000612
003254
004341
001789
006550
002969
001144
002056
006789
002715
005603
004634
008159
003404
009603
007696
003094
006396
005497
001263
007327
007033
004998
007205
000918
009094
000394
007571
008665
004148
002643
007740
009179
001226
001421
006515
009558
008995
007572
000047
004777
007622
006709
006267
007460
007130
009789
004612
002965
003760
003416
001345
007890
002875
001972
008051
002682
002320
007042
001995
001875
007694
007088
005535
007654
003924
000194
002680
005104
007497
008582
009848
001309
006337
001444
009776
001209
005679
004474
001288
006822
007656
008612
000304
002359
007498
008397
009774
009940
008169
003828
000822
007991
007943
000682
000804
004200
005305
000224
009160
006369
006706
003262
004359
000431
000684
006876
007558
005669
006088
004520
006433
008413
002637
007330
005345
005637
008410
009579
001465
000173
002866
000215
001014
000806
002931
000528
003150
001565
008759
008690
006759
009141
001490
009106
003684
006536
004592
002529
005483
002126
006171
009917
004951
002901
003593
000459
003320
000657
002932
008923
005799
006458
009060
008498
000435
003164
007359
002542
005701
000518
005281
003367
000359
001594
008434
002757
007222
001036
009414
009852
000189
002586
009239
000973
007260
002956
008927
003085
008755
002738
003667
004653
002879
004973
003466
000860
008955
008049
006612
000024
002798
004220
007715
008466
009443
000482
004537
006272
003868
001119
005355
002721
005786
001310
004257
003717
006610
001977
004995
003704
006436
005306
001593
000599
006652
002579
007154
000275
004170
005253
007809
004790
009472
000318
009112
004510
007909
006172
008068
003703
004215
007939
009695
002109
005781
005714
007092
002170
006971
001673
009004
006618
001443
004566
000685
000702
006617
004792
006501
008004
001486
003149
005161
005693
006070
005641
004528
006695
007427
004232
006696
005948
000387
005889
006220
009945
005257
005752
007953
001109
008236
008988
000500
004164
002500
003282
009911
004869
001174
005469
009828
002268
005202
006223
001041
007606
002567
008891
006862
006839
002566
000349
009763
008461
007885
000908
005843
001571
000582
000039
007271
002836
007022
008175
009421
000337
001124
004253
003848
003236
000200
006681
009227
009939
005791
008130
001053
004644
006740
002899
003783
004768
000317
006687
005687
009685
005487
007449
005199
006300
003546
003145
003233
006210
001680
008683
007526
000099
003997
000244
002505
000764
009709
004987
002914
006285
006177
007147
003555
002101
002249
003205
005190
003461
000540
003589
001350
001548
000832
007767
006595
009772
009079
007011
003655
005818
009724
001960
003644
004679
000661
003412
006180
008635
002266
002011
004671
002067
005991
005956
000159
004028
005713
008676
002896
005160
001604
007538
001299
007525
002957
009531
001894
006190
006538
006484
005023
008506
003351
009568
007649
003774
002947
007921
004600
006351
005719
005396
006375
001277
004163
006124
000048
006860
009337
006438
009291
009637
005756
001561
002786
002595
004526
004291
004372
002146
002308
007687
009598
006325
003477
000120
008688
009296
002197
003530
006158
008024
004956
004432
008608
008426
004100
000903
008320
001290
008191
005383
000524
001404
004307
009289
008517
002291
003439
004484
000589
001543
005003
007793
002142
006329
005408
006658
005418
007389
008101
005875
000081
002783
008919
009659
009446
004643
008884
006418
000016
001405
003500
004913
007563
006362
007959
002641
002405
005111
002384
002963
002807
001284
007760
007555
008241
004786
000078
006670
006098
006868
002697
001260
007294
008445
007445
001333
007864
007097
005563
004338
005863
005499
004793
002015
006547
002690
004623
009619
001729
002086
008731
003140
007664
004203
004304
006212
001718
006209
005601
002374
009550
005732
004754
005550
008691
002112
000278
008125
002257
000169
008484
008695
002827
003279
000989
005874
003210
003699
007915
005606
002179
004508
004654
008335
006281
000288
003809
009755
002367
007298
004318
002539
000129
003188
003996
006532
002233
002755
003285
006141
005992
007884
008874
004133
008232
003713
008960
009576
002403
002934
000756
004023
000302
008744
009022
005114
000221
003072
005975
006012
006551
002775
002099
000328
004931
005027
001234
005789
003708
008103
009551
000859
004890
007021
007535
009469
000667
008137
001390
004584
005584
006814
008766
006061
001395
009533
006560
007863
007683
008936
001460
006673
006730
008933
008168
002693
000677
009706
008323
008033
006828
004190
005405
007050
005079
001147
004067
009545
008096
003170
009887
003327
001010
009129
004609
000338
006185
003759
008885
005605
005995
009526
004325
004346
002186
007217
003331
000083
003117
008391
007910
007924
005920
002683
009571
008064
009325
002933
001172
003537
003648
001787
007484
007230
001127
003429
005417
002810
000519
006674
008387
002668
008813
008518
001864
000110
000372
008618
000203
008911
005131
003990
000180
008023
001241
005156
005970
000489
004387
004683
002915
008732
002492
001332
005475
002803
002165
001870
005374
005388
005906
005448
003596
007007
002796
009833
007815
006097
005910
002569
000312
001727
000496
007671
003126
002387
006382
009618
008550
001576
005738
003261
004953
009308
002155
008209
006883
008197
002563
